 0.000000e+0	0.000000e+0
 6.170000e+0	0.000000e+0
 7.000000e+0	1.000000e-23
 7.800000e+0	2.800000e-23
 8.500000e+0	4.300000e-23
 9.000000e+0	5.700000e-23
 1.000000e+1	8.200000e-23
 1.100000e+1	1.000000e-22
 1.200000e+1	1.200000e-22
 1.300000e+1	1.300000e-22
 1.400000e+1	1.400000e-22
 1.600000e+1	1.500000e-22
 1.700000e+1	1.500000e-22
 1.800000e+1	1.400000e-22
 2.000000e+1	1.200000e-22
 2.200000e+1	1.000000e-22
 2.400000e+1	8.900000e-23
 2.600000e+1	7.600000e-23
 3.000000e+1	5.900000e-23
 3.400000e+1	4.900000e-23
 4.000000e+1	3.900000e-23
 5.000000e+1	3.400000e-23
 7.000000e+1	7.000000e-24
 1.500000e+2	0.000000e+0
 5.000000e+2	0.000000e+0
 1.000000e+3	0.000000e+0