 0.000000e+0    0.000000e+0
 7.000000e+0	0.000000e+0
 7.300000e+0	2.000000e-23
 7.800000e+0	5.000000e-23
 8.500000e+0	1.500000e-22
 9.000000e+0	2.200000e-22
 1.000000e+1	3.400000e-22
 1.100000e+1	4.300000e-22
 1.200000e+1	5.000000e-22
 1.300000e+1	5.500000e-22
 1.400000e+1	6.000000e-22
 1.600000e+1	6.500000e-22
 1.700000e+1	6.500000e-22
 1.800000e+1	6.200000e-22
 2.000000e+1	5.300000e-22
 2.200000e+1	4.500000e-22
 2.400000e+1	3.800000e-22
 2.600000e+1	3.300000e-22
 3.000000e+1	2.500000e-22
 3.400000e+1	2.100000e-22
 4.000000e+1	1.700000e-22
 5.000000e+1	1.400000e-22
 7.000000e+1	2.900000e-23
 1.500000e+2	0.000000e+0
 5.000000e+2	0.000000e+0
 1.000000e+3	0.000000e+0