 0.000000e+0    0.000000e+0
 7.350000e+0	0.000000e+0
 8.000000e+0	3.620000e-22
 9.000000e+0	9.380000e-22
 1.000000e+1	1.508000e-21
 1.100000e+1	1.863000e-21
 1.200000e+1	2.003000e-21
 1.300000e+1	1.990000e-21
 1.400000e+1	1.816000e-21
 1.500000e+1	1.615000e-21
 1.600000e+1	1.447000e-21
 1.700000e+1	1.307000e-21
 1.800000e+1	1.199000e-21
 2.000000e+1	1.112000e-21
 2.200000e+1	9.510000e-22
 2.600000e+1	8.040000e-22
 3.000000e+1	6.770000e-22
 3.400000e+1	5.630000e-22
 4.000000e+1	4.290000e-22
 5.000000e+1	2.680000e-22
 7.000000e+1	6.700000e-23
 1.500000e+2	0.000000e+0
 5.000000e+2	0.000000e+0
 1.000000e+3	0.000000e+0