 0.000000e+0    0.000000e+0
 7.360000e+0	0.000000e+0
 8.000000e+0	1.810000e-22
 9.000000e+0	4.960000e-22
 1.000000e+1	8.040000e-22
 1.100000e+1	1.112000e-21
 1.200000e+1	1.427000e-21
 1.400000e+1	2.050000e-21
 1.500000e+1	2.352000e-21
 1.600000e+1	2.546000e-21
 1.700000e+1	2.519000e-21
 1.800000e+1	2.345000e-21
 2.000000e+1	1.776000e-21
 2.200000e+1	1.320000e-21
 2.400000e+1	1.025000e-21
 2.600000e+1	8.440000e-22
 2.800000e+1	7.240000e-22
 3.000000e+1	6.300000e-22
 3.400000e+1	4.960000e-22
 4.000000e+1	3.480000e-22
 5.000000e+1	2.010000e-22
 7.000000e+1	1.010000e-22
 1.000000e+2	4.700000e-23
 1.500000e+2	0.000000e+0
 5.000000e+2	0.000000e+0
 1.000000e+3	0.000000e+0