 0.000000e+0    0.000000e+0
 8.160000e+0	0.000000e+0
 9.000000e+0	1.070000e-22
 1.000000e+1	2.350000e-22
 1.100000e+1	3.690000e-22
 1.200000e+1	4.960000e-22
 1.300000e+1	6.300000e-22
 1.400000e+1	7.570000e-22
 1.500000e+1	8.380000e-22
 1.600000e+1	7.640000e-22
 1.700000e+1	6.160000e-22
 1.800000e+1	4.890000e-22
 1.900000e+1	4.090000e-22
 2.000000e+1	3.620000e-22
 2.200000e+1	3.150000e-22
 2.600000e+1	2.680000e-22
 3.000000e+1	2.280000e-22
 3.400000e+1	1.940000e-22
 4.000000e+1	1.610000e-22
 5.000000e+1	1.270000e-22
 7.000000e+1	6.700000e-23
 1.500000e+2	0.000000e+0
 5.000000e+2	0.000000e+0
 1.000000e+3	0.000000e+0