 0.000000e+0    0.000000e+0
 8.400000e+0	0.000000e+0
 9.000000e+0	6.700000e-23
 1.100000e+1	3.020000e-22
 1.300000e+1	5.360000e-22
 1.400000e+1	6.430000e-22
 1.500000e+1	6.970000e-22
 1.600000e+1	5.700000e-22
 1.700000e+1	4.290000e-22
 1.800000e+1	3.480000e-22
 1.900000e+1	3.080000e-22
 2.000000e+1	2.750000e-22
 2.400000e+1	2.010000e-22
 3.000000e+1	1.540000e-22
 4.000000e+1	1.240000e-22
 5.000000e+1	1.210000e-22
 7.000000e+1	1.010000e-22
 1.500000e+2	6.700000e-23
 5.000000e+2	0.000000e+0
 1.000000e+3	0.000000e+0