 0.000000e+0    0.000000e+0
 8.550000e+0	0.000000e+0
 9.000000e+0	1.270000e-22
 1.400000e+1	1.474000e-21
 1.500000e+1	1.715000e-21
 1.600000e+1	1.916000e-21
 1.700000e+1	2.023000e-21
 1.800000e+1	1.990000e-21
 1.900000e+1	1.923000e-21
 2.000000e+1	1.849000e-21
 2.400000e+1	1.621000e-21
 2.600000e+1	1.528000e-21
 3.000000e+1	1.367000e-21
 4.000000e+1	1.065000e-21
 5.000000e+1	8.510000e-22
 7.000000e+1	6.030000e-22
 1.000000e+2	4.020000e-22
 1.500000e+2	2.680000e-22
 2.000000e+2	2.010000e-22
 2.500000e+2	1.610000e-22
 3.000000e+2	1.340000e-22
 5.000000e+2	8.200000e-23
 7.000000e+2	6.000000e-23
 1.000000e+3	4.200000e-23