 0.000000e+0    0.000000e+0
 8.890000e+0	0.000000e+0
 9.000000e+0	1.300000e-23
 1.000000e+1	2.610000e-22
 1.100000e+1	4.760000e-22
 1.200000e+1	6.630000e-22
 1.300000e+1	7.840000e-22
 1.400000e+1	7.710000e-22
 1.500000e+1	6.700000e-22
 1.600000e+1	5.430000e-22
 1.700000e+1	4.420000e-22
 1.800000e+1	3.750000e-22
 2.000000e+1	2.880000e-22
 2.200000e+1	2.410000e-22
 3.000000e+1	1.540000e-22
 3.800000e+1	9.400000e-23
 5.000000e+1	4.700000e-23
 1.500000e+2	0.000000e+0
 5.000000e+2	0.000000e+0
 1.000000e+3	0.000000e+0