 0.000000e+0    0.000000e+0
 1.103000e+1	0.000000e+0
 1.150000e+1	4.050000e-22
 1.200000e+1	9.300000e-22
 1.250000e+1	1.965000e-21
 1.300000e+1	4.350000e-21
 1.350000e+1	7.350000e-21
 1.380000e+1	9.300000e-21
 1.400000e+1	9.750000e-21
 1.420000e+1	9.600000e-21
 1.450000e+1	9.450000e-21
 1.500000e+1	8.250000e-21
 1.600000e+1	6.450000e-21
 1.700000e+1	5.250000e-21
 1.800000e+1	4.500000e-21
 1.900000e+1	4.050000e-21
 2.000000e+1	3.750000e-21
 2.200000e+1	3.150000e-21
 2.400000e+1	2.655000e-21
 2.600000e+1	2.250000e-21
 2.800000e+1	2.085000e-21
 3.000000e+1	1.665000e-21
 3.600000e+1	1.170000e-21
 4.000000e+1	9.450000e-22
 5.000000e+1	5.850000e-22
 7.000000e+1	2.250000e-22
 1.000000e+2	2.300000e-23
 1.500000e+2	0.000000e+0
 5.000000e+2	0.000000e+0