 0.000000e+0    0.000000e+0
 2.900000e-1	0.000000e+0
 3.000000e-1	1.000000e-23
 3.300000e-1	1.700000e-23
 4.000000e-1	2.500000e-23
 7.500000e-1	3.700000e-23
 9.000000e-1	5.500000e-23
 1.000000e+0	6.500000e-23
 1.100000e+0	9.000000e-23
 1.160000e+0	1.100000e-22
 1.200000e+0	1.250000e-22
 1.220000e+0	1.350000e-22
 1.400000e+0	7.000000e-22
 1.500000e+0	1.000000e-21
 1.600000e+0	1.500000e-21
 1.650000e+0	2.700000e-21
 1.700000e+0	3.150000e-21
 1.800000e+0	5.400000e-21
 1.900000e+0	1.485000e-20
 2.000000e+0	4.800000e-20
 2.100000e+0	2.565000e-20
 2.200000e+0	1.200000e-20
 2.300000e+0	4.500000e-20
 2.400000e+0	2.760000e-20
 2.500000e+0	1.590000e-20
 2.600000e+0	3.150000e-20
 2.700000e+0	1.545000e-20
 2.750000e+0	6.000000e-21
 2.800000e+0	1.350000e-20
 2.900000e+0	5.250000e-21
 3.000000e+0	8.700000e-21
 3.100000e+0	1.170000e-20
 3.200000e+0	8.550000e-21
 3.300000e+0	6.600000e-21
 3.400000e+0	6.000000e-21
 3.500000e+0	5.850000e-21
 3.600000e+0	5.700000e-22
 4.000000e+0	5.500000e-22
 5.000000e+0	3.500000e-22
 1.500000e+1	3.500000e-22
 1.800000e+1	4.000000e-22
 2.000000e+1	6.500000e-22
 2.200000e+1	8.500000e-22
 2.300000e+1	8.500000e-22
 2.500000e+1	6.000000e-22
 2.900000e+1	3.000000e-22
 3.200000e+1	1.500000e-22
 5.000000e+1	1.200000e-22
 8.000000e+1	0.000000e+0
 1.000000e+3	0.000000e+0