 0.000000e+0    0.000000e+0
 1.225000e+1	0.000000e+0
 1.300000e+1	5.400000e-23
 1.500000e+1	1.880000e-22
 1.600000e+1	2.480000e-22
 1.700000e+1	3.020000e-22
 1.800000e+1	3.480000e-22
 1.900000e+1	3.820000e-22
 2.000000e+1	3.890000e-22
 2.200000e+1	3.420000e-22
 2.400000e+1	2.750000e-22
 2.600000e+1	2.280000e-22
 3.000000e+1	1.540000e-22
 3.600000e+1	1.140000e-22
 4.000000e+1	1.070000e-22
 5.000000e+1	9.000000e-23
 7.000000e+1	6.800000e-23
 1.000000e+2	5.000000e-23
 1.500000e+2	3.600000e-23
 2.000000e+2	2.900000e-23
 3.000000e+2	2.000000e-23
 5.000000e+2	1.300000e-23
 7.000000e+2	1.000000e-23
 1.000000e+3	8.000000e-24