 0.000000e+0    0.000000e+0
 1.300000e+1	0.000000e+0
 1.400000e+1	8.100000e-22
 1.500000e+1	1.900000e-21
 1.600000e+1	2.500000e-21
 1.700000e+1	4.200000e-21
 1.800000e+1	5.200000e-21
 2.000000e+1	7.500000e-21
 2.200000e+1	9.600000e-21
 2.500000e+1	1.190000e-20
 3.000000e+1	1.480000e-20
 4.000000e+1	1.650000e-20
 6.000000e+1	1.760000e-20
 8.000000e+1	1.680000e-20
 1.000000e+2	1.580000e-20
 1.500000e+2	1.330000e-20
 2.000000e+2	1.160000e-20
 2.500000e+2	1.050000e-20
 3.000000e+2	9.600000e-21
 5.000000e+2	7.400000e-21
 7.000000e+2	6.400000e-21
 1.000000e+3	5.300000e-21