 0.000000e+0    0.000000e+0
 1.560000e+1	0.000000e+0
 1.600000e+1	2.100000e-22
 1.650000e+1	4.600000e-22
 1.700000e+1	7.100000e-22
 1.750000e+1	9.800000e-22
 1.800000e+1	1.290000e-21
 1.850000e+1	1.630000e-21
 1.900000e+1	1.980000e-21
 1.950000e+1	2.290000e-21
 2.000000e+1	2.690000e-21
 2.100000e+1	3.420000e-21
 2.200000e+1	4.160000e-21
 2.300000e+1	4.900000e-21
 2.500000e+1	6.370000e-21
 3.000000e+1	1.030000e-20
 3.400000e+1	1.260000e-20
 4.500000e+1	1.770000e-20
 6.000000e+1	2.170000e-20
 7.500000e+1	2.380000e-20
 1.000000e+2	2.520000e-20
 1.500000e+2	2.440000e-20
 2.000000e+2	2.260000e-20
 3.000000e+2	1.910000e-20
 5.000000e+2	1.450000e-20
 7.000000e+2	1.160000e-20
 1.000000e+3	9.200000e-21
 1.500000e+3	8.000000e-21