 0.000000e+0    0.000000e+0
 5.900000e-1	0.000000e+0
 1.700000e+0	0.000000e+0
 1.800000e+0	1.500000e-22
 1.900000e+0	6.300000e-21
 2.000000e+0	1.935000e-20
 2.100000e+0	3.300000e-20
 2.200000e+0	1.470000e-20
 2.300000e+0	5.400000e-21
 2.400000e+0	2.115000e-20
 2.500000e+0	3.000000e-20
 2.600000e+0	5.400000e-21
 2.700000e+0	1.050000e-20
 2.750000e+0	1.725000e-20
 2.800000e+0	1.275000e-20
 2.900000e+0	3.300000e-21
 3.000000e+0	9.000000e-21
 3.100000e+0	6.450000e-21
 3.200000e+0	3.750000e-21
 3.300000e+0	3.450000e-21
 3.400000e+0	3.000000e-21
 3.500000e+0	2.130000e-21
 3.600000e+0	0.000000e+0
 1.000000e+3	0.000000e+0