 0.000000e+0    0.000000e+0
 8.800000e-1	0.000000e+0
 1.900000e+0	0.000000e+0
 2.000000e+0	9.600000e-21
 2.100000e+0	2.055000e-20
 2.200000e+0	2.700000e-20
 2.300000e+0	1.695000e-20
 2.400000e+0	7.500000e-22
 2.500000e+0	9.600000e-21
 2.600000e+0	1.470000e-20
 2.700000e+0	4.500000e-21
 2.750000e+0	9.600000e-21
 2.800000e+0	5.400000e-21
 2.900000e+0	8.550000e-21
 3.000000e+0	4.050000e-21
 3.100000e+0	2.820000e-21
 3.200000e+0	2.910000e-21
 3.300000e+0	6.150000e-22
 3.400000e+0	0.000000e+0
 1.000000e+3	0.000000e+0