 0.000000e+0	3.898000e-24
 5.500000e-3	5.387000e-24
 1.100000e-2	6.876000e-24
 1.650000e-2	8.365000e-24
 2.200000e-2	9.853000e-24
 2.750000e-2	1.134000e-23
 3.300000e-2	1.246000e-23
 3.850000e-2	1.287000e-23
 4.400000e-2	1.328000e-23
 4.950000e-2	1.369000e-23
 5.500000e-2	1.410000e-23
 6.050000e-2	1.452000e-23
 6.600000e-2	1.462000e-23
 7.150000e-2	1.468000e-23
 7.700000e-2	1.474000e-23
 8.250000e-2	1.480000e-23
 8.800000e-2	1.486000e-23
 9.350000e-2	1.492000e-23
 9.900000e-2	1.499000e-23
 1.045000e-1	1.505000e-23
 1.100000e-1	1.511000e-23
 1.155000e-1	1.517000e-23
 1.210000e-1	1.523000e-23
 1.265000e-1	1.529000e-23
 1.320000e-1	1.536000e-23
 1.375000e-1	1.542000e-23
 1.430000e-1	1.548000e-23
 1.485000e-1	1.554000e-23
 1.540000e-1	1.560000e-23
 1.595000e-1	1.566000e-23
 1.650000e-1	1.573000e-23
 1.705000e-1	1.579000e-23
 1.760000e-1	1.585000e-23
 1.815000e-1	1.591000e-23
 1.870000e-1	1.597000e-23
 1.925000e-1	1.603000e-23
 1.980000e-1	1.609000e-23
 2.035000e-1	1.616000e-23
 2.090000e-1	1.622000e-23
 2.145000e-1	1.628000e-23
 2.200000e-1	1.634000e-23
 2.255000e-1	1.640000e-23
 2.310000e-1	1.646000e-23
 2.365000e-1	1.653000e-23
 2.420000e-1	1.659000e-23
 2.475000e-1	1.665000e-23
 2.530000e-1	1.671000e-23
 2.585000e-1	1.677000e-23
 2.640000e-1	1.683000e-23
 2.695000e-1	1.690000e-23
 2.750000e-1	1.696000e-23
 2.805000e-1	1.702000e-23
 2.860000e-1	1.708000e-23
 2.915000e-1	1.714000e-23
 2.970000e-1	1.720000e-23
 3.025000e-1	1.727000e-23
 3.080000e-1	1.733000e-23
 3.135000e-1	1.739000e-23
 3.190000e-1	1.745000e-23
 3.245000e-1	1.751000e-23
 3.300000e-1	1.757000e-23
 3.355000e-1	1.763000e-23
 3.410000e-1	1.770000e-23
 3.465000e-1	1.776000e-23
 3.520000e-1	1.782000e-23
 3.575000e-1	1.788000e-23
 3.630000e-1	1.794000e-23
 3.685000e-1	1.800000e-23
 3.740000e-1	1.807000e-23
 3.795000e-1	1.813000e-23
 3.850000e-1	1.819000e-23
 3.905000e-1	1.825000e-23
 3.960000e-1	1.831000e-23
 4.015000e-1	1.837000e-23
 4.070000e-1	1.844000e-23
 4.125000e-1	1.852000e-23
 4.180000e-1	1.866000e-23
 4.235000e-1	1.879000e-23
 4.290000e-1	1.893000e-23
 4.345000e-1	1.907000e-23
 4.400000e-1	1.921000e-23
 4.455000e-1	1.935000e-23
 4.510000e-1	1.949000e-23
 4.565000e-1	1.963000e-23
 4.620000e-1	1.976000e-23
 4.675000e-1	1.990000e-23
 4.730000e-1	2.004000e-23
 4.785000e-1	2.018000e-23
 4.840000e-1	2.032000e-23
 4.895000e-1	2.046000e-23
 4.950000e-1	2.060000e-23
 5.005000e-1	2.073000e-23
 5.060000e-1	2.087000e-23
 5.115000e-1	2.103000e-23
 5.170000e-1	2.141000e-23
 5.225000e-1	2.180000e-23
 5.280000e-1	2.218000e-23
 5.335000e-1	2.257000e-23
 5.390000e-1	2.295000e-23
 5.445000e-1	2.334000e-23
 5.500000e-1	2.372000e-23
 5.555000e-1	2.411000e-23
 5.610000e-1	2.449000e-23
 5.665000e-1	2.488000e-23
 5.720000e-1	2.526000e-23
 5.775000e-1	2.565000e-23
 5.830000e-1	2.603000e-23
 5.885000e-1	2.642000e-23
 5.940000e-1	2.680000e-23
 5.995000e-1	2.719000e-23
 6.050000e-1	2.757000e-23
 6.105000e-1	2.796000e-23
 6.160000e-1	2.834000e-23
 6.215000e-1	2.873000e-23
 6.270000e-1	2.911000e-23
 6.325000e-1	2.950000e-23
 6.380000e-1	2.988000e-23
 6.435000e-1	3.027000e-23
 6.490000e-1	3.065000e-23
 6.545000e-1	3.104000e-23
 6.600000e-1	3.143000e-23
 6.655000e-1	3.181000e-23
 6.710000e-1	3.220000e-23
 6.765000e-1	3.258000e-23
 6.820000e-1	3.297000e-23
 6.875000e-1	3.335000e-23
 6.930000e-1	3.374000e-23
 6.985000e-1	3.412000e-23
 7.040000e-1	3.451000e-23
 7.095000e-1	3.489000e-23
 7.150000e-1	3.616000e-23
 7.205000e-1	3.780000e-23
 7.260000e-1	3.944000e-23
 7.315000e-1	4.108000e-23
 7.370000e-1	4.272000e-23
 7.425000e-1	4.435000e-23
 7.480000e-1	4.599000e-23
 7.535000e-1	4.763000e-23
 7.590000e-1	4.927000e-23
 7.645000e-1	5.091000e-23
 7.700000e-1	5.255000e-23
 7.755000e-1	5.419000e-23
 7.810000e-1	5.583000e-23
 7.865000e-1	5.746000e-23
 7.920000e-1	5.910000e-23
 7.975000e-1	6.074000e-23
 8.030000e-1	6.238000e-23
 8.085000e-1	6.402000e-23
 8.140000e-1	6.566000e-23
 8.195000e-1	6.730000e-23
 8.250000e-1	6.894000e-23
 8.305000e-1	7.057000e-23
 8.360000e-1	7.221000e-23
 8.415000e-1	7.385000e-23
 8.470000e-1	7.549000e-23
 8.525000e-1	7.713000e-23
 8.580000e-1	7.877000e-23
 8.635000e-1	8.041000e-23
 8.690000e-1	8.204000e-23
 8.745000e-1	8.368000e-23
 8.800000e-1	8.532000e-23
 8.855000e-1	8.696000e-23
 8.910000e-1	8.860000e-23
 8.965000e-1	9.024000e-23
 9.020000e-1	9.188000e-23
 9.075000e-1	9.352000e-23
 9.130000e-1	9.515000e-23
 9.185000e-1	9.679000e-23
 9.240000e-1	9.843000e-23
 9.295000e-1	1.001000e-22
 9.350000e-1	1.017000e-22
 9.405000e-1	1.033000e-22
 9.460000e-1	1.050000e-22
 9.515000e-1	1.066000e-22
 9.570000e-1	1.083000e-22
 9.625000e-1	1.106000e-22
 9.680000e-1	1.151000e-22
 9.735000e-1	1.195000e-22
 9.790000e-1	1.240000e-22
 9.845000e-1	1.284000e-22
 9.900000e-1	1.328000e-22
 9.955000e-1	1.373000e-22
 1.001000e+0	1.417000e-22
 1.006500e+0	1.462000e-22
 1.012000e+0	1.506000e-22
 1.017500e+0	1.551000e-22
 1.023000e+0	1.595000e-22
 1.028500e+0	1.640000e-22
 1.034000e+0	1.684000e-22
 1.039500e+0	1.729000e-22
 1.045000e+0	1.787000e-22
 1.050500e+0	1.850000e-22
 1.056000e+0	1.914000e-22
 1.061500e+0	1.977000e-22
 1.067000e+0	2.041000e-22
 1.072500e+0	2.109000e-22
 1.078000e+0	2.239000e-22
 1.083500e+0	2.370000e-22
 1.089000e+0	2.500000e-22
 1.094500e+0	2.630000e-22
 1.100000e+0	2.760000e-22
 1.105500e+0	2.890000e-22
 1.111000e+0	3.021000e-22
 1.116500e+0	3.151000e-22
 1.122000e+0	3.281000e-22
 1.127500e+0	3.411000e-22
 1.133000e+0	3.541000e-22
 1.138500e+0	3.672000e-22
 1.144000e+0	3.802000e-22
 1.149500e+0	3.932000e-22
 1.155000e+0	4.062000e-22
 1.160500e+0	4.192000e-22
 1.166000e+0	4.323000e-22
 1.171500e+0	4.453000e-22
 1.177000e+0	4.583000e-22
 1.182500e+0	4.713000e-22
 1.188000e+0	4.843000e-22
 1.193500e+0	4.974000e-22
 1.199000e+0	5.104000e-22
 1.204500e+0	5.234000e-22
 1.210000e+0	5.364000e-22
 1.215500e+0	5.657000e-22
 1.221000e+0	5.992000e-22
 1.226500e+0	6.327000e-22
 1.232000e+0	6.662000e-22
 1.237500e+0	6.997000e-22
 1.243000e+0	7.332000e-22
 1.248500e+0	7.667000e-22
 1.254000e+0	8.002000e-22
 1.259500e+0	8.337000e-22
 1.265000e+0	8.672000e-22
 1.270500e+0	9.007000e-22
 1.276000e+0	9.342000e-22
 1.281500e+0	9.677000e-22
 1.287000e+0	1.001000e-21
 1.292500e+0	1.035000e-21
 1.298000e+0	1.068000e-21
 1.303500e+0	1.102000e-21
 1.309000e+0	1.135000e-21
 1.314500e+0	1.201000e-21
 1.320000e+0	1.288000e-21
 1.325500e+0	1.375000e-21
 1.331000e+0	1.462000e-21
 1.336500e+0	1.548000e-21
 1.342000e+0	1.635000e-21
 1.347500e+0	1.722000e-21
 1.353000e+0	1.809000e-21
 1.358500e+0	1.895000e-21
 1.364000e+0	1.982000e-21
 1.369500e+0	2.069000e-21
 1.375000e+0	2.156000e-21
 1.380500e+0	2.242000e-21
 1.386000e+0	2.329000e-21
 1.391500e+0	2.416000e-21
 1.397000e+0	2.503000e-21
 1.402500e+0	2.589000e-21
 1.408000e+0	2.676000e-21
 1.413500e+0	2.808000e-21
 1.419000e+0	2.998000e-21
 1.424500e+0	3.189000e-21
 1.430000e+0	3.380000e-21
 1.435500e+0	3.570000e-21
 1.441000e+0	3.761000e-21
 1.446500e+0	3.951000e-21
 1.452000e+0	4.142000e-21
 1.457500e+0	4.333000e-21
 1.463000e+0	4.581000e-21
 1.468500e+0	4.939000e-21
 1.474000e+0	5.297000e-21
 1.479500e+0	5.655000e-21
 1.485000e+0	6.014000e-21
 1.490500e+0	6.372000e-21
 1.496000e+0	6.730000e-21
 1.501500e+0	7.088000e-21
 1.507000e+0	7.447000e-21
 1.512500e+0	7.897000e-21
 1.518000e+0	8.621000e-21
 1.523500e+0	9.345000e-21
 1.529000e+0	1.007000e-20
 1.534500e+0	1.079000e-20
 1.540000e+0	1.152000e-20
 1.545500e+0	1.224000e-20
 1.551000e+0	1.297000e-20
 1.556500e+0	1.369000e-20
 1.562000e+0	1.448000e-20
 1.567500e+0	1.558000e-20
 1.573000e+0	1.684000e-20
 1.578500e+0	1.841000e-20
 1.584000e+0	2.040000e-20
 1.589500e+0	2.274000e-20
 1.595000e+0	2.508000e-20
 1.600500e+0	2.742000e-20
 1.606000e+0	2.975000e-20
 1.611500e+0	3.203000e-20
 1.617000e+0	3.341000e-20
 1.622500e+0	3.479000e-20
 1.628000e+0	3.618000e-20
 1.633500e+0	3.756000e-20
 1.639000e+0	3.895000e-20
 1.644500e+0	4.033000e-20
 1.650000e+0	4.172000e-20
 1.655500e+0	4.310000e-20
 1.661000e+0	4.448000e-20
 1.666500e+0	4.317000e-20
 1.672000e+0	4.180000e-20
 1.677500e+0	4.043000e-20
 1.683000e+0	3.906000e-20
 1.688500e+0	3.768000e-20
 1.694000e+0	3.631000e-20
 1.699500e+0	3.494000e-20
 1.705000e+0	3.357000e-20
 1.710500e+0	3.220000e-20
 1.716000e+0	3.042000e-20
 1.721500e+0	2.859000e-20
 1.727000e+0	2.677000e-20
 1.732500e+0	2.494000e-20
 1.738000e+0	2.311000e-20
 1.743500e+0	2.128000e-20
 1.749000e+0	1.945000e-20
 1.754500e+0	1.762000e-20
 1.760000e+0	1.580000e-20
 1.765500e+0	1.474000e-20
 1.771000e+0	1.387000e-20
 1.776500e+0	1.300000e-20
 1.782000e+0	1.214000e-20
 1.787500e+0	1.127000e-20
 1.793000e+0	1.041000e-20
 1.798500e+0	9.541000e-21
 1.804000e+0	8.675000e-21
 1.809500e+0	7.810000e-21
 1.815000e+0	7.817000e-21
 1.820500e+0	8.188000e-21
 1.826000e+0	8.559000e-21
 1.831500e+0	8.929000e-21
 1.837000e+0	9.300000e-21
 1.842500e+0	9.671000e-21
 1.848000e+0	1.004000e-20
 1.853500e+0	1.041000e-20
 1.859000e+0	1.078000e-20
 1.864500e+0	1.170000e-20
 1.870000e+0	1.297000e-20
 1.875500e+0	1.423000e-20
 1.881000e+0	1.549000e-20
 1.886500e+0	1.675000e-20
 1.892000e+0	1.802000e-20
 1.897500e+0	1.928000e-20
 1.903000e+0	2.054000e-20
 1.908500e+0	2.181000e-20
 1.914000e+0	2.366000e-20
 1.919500e+0	2.604000e-20
 1.925000e+0	2.842000e-20
 1.930500e+0	3.081000e-20
 1.936000e+0	3.319000e-20
 1.941500e+0	3.557000e-20
 1.947000e+0	3.796000e-20
 1.952500e+0	4.034000e-20
 1.958000e+0	4.272000e-20
 1.963500e+0	4.442000e-20
 1.969000e+0	4.523000e-20
 1.974500e+0	4.603000e-20
 1.980000e+0	4.684000e-20
 1.985500e+0	4.764000e-20
 1.991000e+0	4.845000e-20
 1.996500e+0	4.925000e-20
 2.002000e+0	5.006000e-20
 2.007500e+0	5.086000e-20
 2.013000e+0	5.095000e-20
 2.018500e+0	4.968000e-20
 2.024000e+0	4.840000e-20
 2.029500e+0	4.712000e-20
 2.035000e+0	4.584000e-20
 2.040500e+0	4.457000e-20
 2.046000e+0	4.329000e-20
 2.051500e+0	4.201000e-20
 2.057000e+0	4.074000e-20
 2.062500e+0	3.946000e-20
 2.068000e+0	3.818000e-20
 2.073500e+0	3.690000e-20
 2.079000e+0	3.563000e-20
 2.084500e+0	3.435000e-20
 2.090000e+0	3.307000e-20
 2.095500e+0	3.180000e-20
 2.101000e+0	3.052000e-20
 2.106500e+0	2.924000e-20
 2.112000e+0	2.796000e-20
 2.117500e+0	2.669000e-20
 2.123000e+0	2.541000e-20
 2.128500e+0	2.413000e-20
 2.134000e+0	2.285000e-20
 2.139500e+0	2.158000e-20
 2.145000e+0	2.030000e-20
 2.150500e+0	1.902000e-20
 2.156000e+0	1.775000e-20
 2.161500e+0	1.652000e-20
 2.167000e+0	1.591000e-20
 2.172500e+0	1.530000e-20
 2.178000e+0	1.469000e-20
 2.183500e+0	1.409000e-20
 2.189000e+0	1.348000e-20
 2.194500e+0	1.287000e-20
 2.200000e+0	1.227000e-20
 2.205500e+0	1.166000e-20
 2.211000e+0	1.105000e-20
 2.216500e+0	1.191000e-20
 2.222000e+0	1.280000e-20
 2.227500e+0	1.369000e-20
 2.233000e+0	1.458000e-20
 2.238500e+0	1.547000e-20
 2.244000e+0	1.636000e-20
 2.249500e+0	1.725000e-20
 2.255000e+0	1.814000e-20
 2.260500e+0	1.903000e-20
 2.266000e+0	2.070000e-20
 2.271500e+0	2.247000e-20
 2.277000e+0	2.425000e-20
 2.282500e+0	2.602000e-20
 2.288000e+0	2.779000e-20
 2.293500e+0	2.957000e-20
 2.299000e+0	3.134000e-20
 2.304500e+0	3.311000e-20
 2.310000e+0	3.488000e-20
 2.315500e+0	3.613000e-20
 2.321000e+0	3.725000e-20
 2.326500e+0	3.836000e-20
 2.332000e+0	3.948000e-20
 2.337500e+0	4.059000e-20
 2.343000e+0	4.171000e-20
 2.348500e+0	4.282000e-20
 2.354000e+0	4.394000e-20
 2.359500e+0	4.505000e-20
 2.365000e+0	4.494000e-20
 2.370500e+0	4.432000e-20
 2.376000e+0	4.370000e-20
 2.381500e+0	4.307000e-20
 2.387000e+0	4.245000e-20
 2.392500e+0	4.183000e-20
 2.398000e+0	4.120000e-20
 2.403500e+0	4.058000e-20
 2.409000e+0	3.996000e-20
 2.414500e+0	3.857000e-20
 2.420000e+0	3.672000e-20
 2.425500e+0	3.486000e-20
 2.431000e+0	3.300000e-20
 2.436500e+0	3.115000e-20
 2.442000e+0	2.929000e-20
 2.447500e+0	2.743000e-20
 2.453000e+0	2.558000e-20
 2.458500e+0	2.372000e-20
 2.464000e+0	2.215000e-20
 2.469500e+0	2.084000e-20
 2.475000e+0	1.952000e-20
 2.480500e+0	1.821000e-20
 2.486000e+0	1.690000e-20
 2.491500e+0	1.559000e-20
 2.497000e+0	1.428000e-20
 2.502500e+0	1.296000e-20
 2.508000e+0	1.165000e-20
 2.513500e+0	1.110000e-20
 2.519000e+0	1.155000e-20
 2.524500e+0	1.199000e-20
 2.530000e+0	1.244000e-20
 2.535500e+0	1.288000e-20
 2.541000e+0	1.333000e-20
 2.546500e+0	1.377000e-20
 2.552000e+0	1.422000e-20
 2.557500e+0	1.466000e-20
 2.563000e+0	1.549000e-20
 2.568500e+0	1.705000e-20
 2.574000e+0	1.861000e-20
 2.579500e+0	2.017000e-20
 2.585000e+0	2.172000e-20
 2.590500e+0	2.328000e-20
 2.596000e+0	2.484000e-20
 2.601500e+0	2.640000e-20
 2.607000e+0	2.796000e-20
 2.612500e+0	2.935000e-20
 2.618000e+0	3.024000e-20
 2.623500e+0	3.113000e-20
 2.629000e+0	3.201000e-20
 2.634500e+0	3.290000e-20
 2.640000e+0	3.379000e-20
 2.645500e+0	3.468000e-20
 2.651000e+0	3.556000e-20
 2.656500e+0	3.645000e-20
 2.662000e+0	3.711000e-20
 2.667500e+0	3.660000e-20
 2.673000e+0	3.609000e-20
 2.678500e+0	3.558000e-20
 2.684000e+0	3.507000e-20
 2.689500e+0	3.455000e-20
 2.695000e+0	3.404000e-20
 2.700500e+0	3.353000e-20
 2.706000e+0	3.302000e-20
 2.711500e+0	3.246000e-20
 2.717000e+0	3.126000e-20
 2.722500e+0	3.006000e-20
 2.728000e+0	2.885000e-20
 2.733500e+0	2.765000e-20
 2.739000e+0	2.645000e-20
 2.744500e+0	2.525000e-20
 2.750000e+0	2.405000e-20
 2.755500e+0	2.285000e-20
 2.761000e+0	2.164000e-20
 2.766500e+0	2.044000e-20
 2.772000e+0	1.924000e-20
 2.777500e+0	1.804000e-20
 2.783000e+0	1.684000e-20
 2.788500e+0	1.564000e-20
 2.794000e+0	1.444000e-20
 2.799500e+0	1.323000e-20
 2.805000e+0	1.203000e-20
 2.810500e+0	1.083000e-20
 2.816000e+0	1.050000e-20
 2.821500e+0	1.029000e-20
 2.827000e+0	1.007000e-20
 2.832500e+0	9.859000e-21
 2.838000e+0	9.644000e-21
 2.843500e+0	9.428000e-21
 2.849000e+0	9.213000e-21
 2.854500e+0	8.998000e-21
 2.860000e+0	8.783000e-21
 2.865500e+0	9.300000e-21
 2.871000e+0	1.000000e-20
 2.876500e+0	1.071000e-20
 2.882000e+0	1.141000e-20
 2.887500e+0	1.212000e-20
 2.893000e+0	1.282000e-20
 2.898500e+0	1.352000e-20
 2.904000e+0	1.423000e-20
 2.909500e+0	1.493000e-20
 2.915000e+0	1.564000e-20
 2.920500e+0	1.634000e-20
 2.926000e+0	1.704000e-20
 2.931500e+0	1.775000e-20
 2.937000e+0	1.845000e-20
 2.942500e+0	1.916000e-20
 2.948000e+0	1.986000e-20
 2.953500e+0	2.056000e-20
 2.959000e+0	2.127000e-20
 2.964500e+0	2.131000e-20
 2.970000e+0	2.094000e-20
 2.975500e+0	2.056000e-20
 2.981000e+0	2.019000e-20
 2.986500e+0	1.982000e-20
 2.992000e+0	1.945000e-20
 2.997500e+0	1.907000e-20
 3.003000e+0	1.870000e-20
 3.008500e+0	1.833000e-20
 3.014000e+0	1.768000e-20
 3.019500e+0	1.679000e-20
 3.025000e+0	1.590000e-20
 3.030500e+0	1.501000e-20
 3.036000e+0	1.412000e-20
 3.041500e+0	1.322000e-20
 3.047000e+0	1.233000e-20
 3.052500e+0	1.144000e-20
 3.058000e+0	1.055000e-20
 3.063500e+0	9.861000e-21
 3.069000e+0	9.441000e-21
 3.074500e+0	9.021000e-21
 3.080000e+0	8.601000e-21
 3.085500e+0	8.181000e-21
 3.091000e+0	7.760000e-21
 3.096500e+0	7.340000e-21
 3.102000e+0	6.920000e-21
 3.107500e+0	6.500000e-21
 3.113000e+0	6.299000e-21
 3.118500e+0	6.522000e-21
 3.124000e+0	6.744000e-21
 3.129500e+0	6.966000e-21
 3.135000e+0	7.189000e-21
 3.140500e+0	7.411000e-21
 3.146000e+0	7.633000e-21
 3.151500e+0	7.856000e-21
 3.157000e+0	8.078000e-21
 3.162500e+0	8.321000e-21
 3.168000e+0	8.624000e-21
 3.173500e+0	8.927000e-21
 3.179000e+0	9.231000e-21
 3.184500e+0	9.534000e-21
 3.190000e+0	9.837000e-21
 3.195500e+0	1.014000e-20
 3.201000e+0	1.044000e-20
 3.206500e+0	1.075000e-20
 3.212000e+0	1.101000e-20
 3.217500e+0	1.105000e-20
 3.223000e+0	1.109000e-20
 3.228500e+0	1.114000e-20
 3.234000e+0	1.118000e-20
 3.239500e+0	1.122000e-20
 3.245000e+0	1.127000e-20
 3.250500e+0	1.131000e-20
 3.256000e+0	1.135000e-20
 3.261500e+0	1.139000e-20
 3.267000e+0	1.126000e-20
 3.272500e+0	1.113000e-20
 3.278000e+0	1.100000e-20
 3.283500e+0	1.087000e-20
 3.289000e+0	1.074000e-20
 3.294500e+0	1.061000e-20
 3.300000e+0	1.048000e-20
 3.305500e+0	1.035000e-20
 3.311000e+0	1.022000e-20
 3.316500e+0	1.009000e-20
 3.322000e+0	9.965000e-21
 3.327500e+0	9.836000e-21
 3.333000e+0	9.707000e-21
 3.338500e+0	9.578000e-21
 3.344000e+0	9.449000e-21
 3.349500e+0	9.320000e-21
 3.355000e+0	9.191000e-21
 3.360500e+0	9.062000e-21
 3.366000e+0	8.933000e-21
 3.371500e+0	8.804000e-21
 3.377000e+0	8.674000e-21
 3.382500e+0	8.545000e-21
 3.388000e+0	8.416000e-21
 3.393500e+0	8.287000e-21
 3.399000e+0	8.158000e-21
 3.404500e+0	8.029000e-21
 3.410000e+0	7.900000e-21
 3.415500e+0	7.771000e-21
 3.421000e+0	7.642000e-21
 3.426500e+0	7.513000e-21
 3.432000e+0	7.383000e-21
 3.437500e+0	7.254000e-21
 3.443000e+0	7.125000e-21
 3.448500e+0	6.996000e-21
 3.454000e+0	6.867000e-21
 3.459500e+0	6.738000e-21
 3.465000e+0	6.636000e-21
 3.470500e+0	6.545000e-21
 3.476000e+0	6.454000e-21
 3.481500e+0	6.364000e-21
 3.487000e+0	6.273000e-21
 3.492500e+0	6.182000e-21
 3.498000e+0	6.092000e-21
 3.503500e+0	6.001000e-21
 3.509000e+0	5.910000e-21
 3.514500e+0	5.842000e-21
 3.520000e+0	5.787000e-21
 3.525500e+0	5.732000e-21
 3.531000e+0	5.678000e-21
 3.536500e+0	5.623000e-21
 3.542000e+0	5.568000e-21
 3.547500e+0	5.513000e-21
 3.553000e+0	5.459000e-21
 3.558500e+0	5.404000e-21
 3.564000e+0	5.349000e-21
 3.569500e+0	5.295000e-21
 3.575000e+0	5.240000e-21
 3.580500e+0	5.185000e-21
 3.586000e+0	5.131000e-21
 3.591500e+0	5.076000e-21
 3.597000e+0	5.021000e-21
 3.602500e+0	4.967000e-21
 3.608000e+0	4.912000e-21
 3.613500e+0	4.861000e-21
 3.619000e+0	4.813000e-21
 3.624500e+0	4.766000e-21
 3.630000e+0	4.719000e-21
 3.635500e+0	4.672000e-21
 3.641000e+0	4.624000e-21
 3.646500e+0	4.577000e-21
 3.652000e+0	4.530000e-21
 3.657500e+0	4.483000e-21
 3.663000e+0	4.435000e-21
 3.668500e+0	4.388000e-21
 3.674000e+0	4.341000e-21
 3.679500e+0	4.294000e-21
 3.685000e+0	4.246000e-21
 3.690500e+0	4.199000e-21
 3.696000e+0	4.152000e-21
 3.701500e+0	4.105000e-21
 3.707000e+0	4.057000e-21
 3.712500e+0	4.010000e-21
 3.718000e+0	3.963000e-21
 3.723500e+0	3.916000e-21
 3.729000e+0	3.868000e-21
 3.734500e+0	3.821000e-21
 3.740000e+0	3.774000e-21
 3.745500e+0	3.727000e-21
 3.751000e+0	3.679000e-21
 3.756500e+0	3.632000e-21
 3.762000e+0	3.585000e-21
 3.767500e+0	3.538000e-21
 3.773000e+0	3.490000e-21
 3.778500e+0	3.443000e-21
 3.784000e+0	3.396000e-21
 3.789500e+0	3.348000e-21
 3.795000e+0	3.301000e-21
 3.800500e+0	3.254000e-21
 3.806000e+0	3.207000e-21
 3.811500e+0	3.160000e-21
 3.817000e+0	3.119000e-21
 3.822500e+0	3.078000e-21
 3.828000e+0	3.037000e-21
 3.833500e+0	2.996000e-21
 3.839000e+0	2.954000e-21
 3.844500e+0	2.913000e-21
 3.850000e+0	2.872000e-21
 3.855500e+0	2.831000e-21
 3.861000e+0	2.790000e-21
 3.866500e+0	2.749000e-21
 3.872000e+0	2.708000e-21
 3.877500e+0	2.667000e-21
 3.883000e+0	2.626000e-21
 3.888500e+0	2.585000e-21
 3.894000e+0	2.543000e-21
 3.899500e+0	2.502000e-21
 3.905000e+0	2.461000e-21
 3.910500e+0	2.420000e-21
 3.916000e+0	2.406000e-21
 3.921500e+0	2.395000e-21
 3.927000e+0	2.383000e-21
 3.932500e+0	2.372000e-21
 3.938000e+0	2.361000e-21
 3.943500e+0	2.350000e-21
 3.949000e+0	2.339000e-21
 3.954500e+0	2.328000e-21
 3.960000e+0	2.317000e-21
 3.965500e+0	2.306000e-21
 3.971000e+0	2.295000e-21
 3.976500e+0	2.283000e-21
 3.982000e+0	2.272000e-21
 3.987500e+0	2.261000e-21
 3.993000e+0	2.250000e-21
 3.998500e+0	2.239000e-21
 4.004000e+0	2.228000e-21
 4.009500e+0	2.217000e-21
 4.015000e+0	2.206000e-21
 4.020500e+0	2.195000e-21
 4.026000e+0	2.184000e-21
 4.031500e+0	2.172000e-21
 4.037000e+0	2.161000e-21
 4.042500e+0	2.150000e-21
 4.048000e+0	2.139000e-21
 4.053500e+0	2.128000e-21
 4.059000e+0	2.117000e-21
 4.064500e+0	2.106000e-21
 4.070000e+0	2.095000e-21
 4.075500e+0	2.084000e-21
 4.081000e+0	2.072000e-21
 4.086500e+0	2.061000e-21
 4.092000e+0	2.050000e-21
 4.097500e+0	2.039000e-21
 4.103000e+0	2.028000e-21
 4.108500e+0	2.017000e-21
 4.114000e+0	2.006000e-21
 4.119500e+0	1.995000e-21
 4.125000e+0	1.984000e-21
 4.130500e+0	1.972000e-21
 4.136000e+0	1.961000e-21
 4.141500e+0	1.950000e-21
 4.147000e+0	1.939000e-21
 4.152500e+0	1.928000e-21
 4.158000e+0	1.917000e-21
 4.163500e+0	1.906000e-21
 4.169000e+0	1.895000e-21
 4.174500e+0	1.884000e-21
 4.180000e+0	1.873000e-21
 4.185500e+0	1.861000e-21
 4.191000e+0	1.850000e-21
 4.196500e+0	1.839000e-21
 4.202000e+0	1.828000e-21
 4.207500e+0	1.817000e-21
 4.213000e+0	1.806000e-21
 4.218500e+0	1.795000e-21
 4.224000e+0	1.784000e-21
 4.229500e+0	1.773000e-21
 4.235000e+0	1.761000e-21
 4.240500e+0	1.750000e-21
 4.246000e+0	1.739000e-21
 4.251500e+0	1.728000e-21
 4.257000e+0	1.717000e-21
 4.262500e+0	1.706000e-21
 4.268000e+0	1.695000e-21
 4.273500e+0	1.684000e-21
 4.279000e+0	1.673000e-21
 4.284500e+0	1.662000e-21
 4.290000e+0	1.650000e-21
 4.295500e+0	1.639000e-21
 4.301000e+0	1.628000e-21
 4.306500e+0	1.617000e-21
 4.312000e+0	1.606000e-21
 4.317500e+0	1.595000e-21
 4.323000e+0	1.584000e-21
 4.328500e+0	1.573000e-21
 4.334000e+0	1.562000e-21
 4.339500e+0	1.550000e-21
 4.345000e+0	1.539000e-21
 4.350500e+0	1.528000e-21
 4.356000e+0	1.517000e-21
 4.361500e+0	1.506000e-21
 4.367000e+0	1.495000e-21
 4.372500e+0	1.484000e-21
 4.378000e+0	1.473000e-21
 4.383500e+0	1.462000e-21
 4.389000e+0	1.450000e-21
 4.394500e+0	1.439000e-21
 4.400000e+0	1.428000e-21
 4.405500e+0	1.417000e-21
 4.411000e+0	1.406000e-21
 4.416500e+0	1.395000e-21
 4.422000e+0	1.384000e-21
 4.427500e+0	1.373000e-21
 4.433000e+0	1.362000e-21
 4.438500e+0	1.351000e-21
 4.444000e+0	1.339000e-21
 4.449500e+0	1.328000e-21
 4.455000e+0	1.317000e-21
 4.460500e+0	1.306000e-21
 4.466000e+0	1.295000e-21
 4.471500e+0	1.284000e-21
 4.477000e+0	1.273000e-21
 4.482500e+0	1.262000e-21
 4.488000e+0	1.251000e-21
 4.493500e+0	1.239000e-21
 4.499000e+0	1.228000e-21
 4.504500e+0	1.217000e-21
 4.510000e+0	1.206000e-21
 4.515500e+0	1.195000e-21
 4.521000e+0	1.184000e-21
 4.526500e+0	1.173000e-21
 4.532000e+0	1.162000e-21
 4.537500e+0	1.151000e-21
 4.543000e+0	1.139000e-21
 4.548500e+0	1.128000e-21
 4.554000e+0	1.117000e-21
 4.559500e+0	1.106000e-21
 4.565000e+0	1.095000e-21
 4.570500e+0	1.084000e-21
 4.576000e+0	1.073000e-21
 4.581500e+0	1.062000e-21
 4.587000e+0	1.051000e-21
 4.592500e+0	1.040000e-21
 4.598000e+0	1.028000e-21
 4.603500e+0	1.017000e-21
 4.609000e+0	1.006000e-21
 4.614500e+0	9.951000e-22
 4.620000e+0	9.840000e-22
 4.625500e+0	9.729000e-22
 4.631000e+0	9.618000e-22
 4.636500e+0	9.507000e-22
 4.642000e+0	9.396000e-22
 4.647500e+0	9.285000e-22
 4.653000e+0	9.174000e-22
 4.658500e+0	9.063000e-22
 4.664000e+0	8.951000e-22
 4.669500e+0	8.840000e-22
 4.675000e+0	8.729000e-22
 4.680500e+0	8.618000e-22
 4.686000e+0	8.507000e-22
 4.691500e+0	8.396000e-22
 4.697000e+0	8.285000e-22
 4.702500e+0	8.174000e-22
 4.708000e+0	8.063000e-22
 4.713500e+0	7.995000e-22
 4.719000e+0	7.985000e-22
 4.724500e+0	7.974000e-22
 4.730000e+0	7.963000e-22
 4.735500e+0	7.952000e-22
 4.741000e+0	7.941000e-22
 4.746500e+0	7.931000e-22
 4.752000e+0	7.920000e-22
 4.757500e+0	7.909000e-22
 4.763000e+0	7.898000e-22
 4.768500e+0	7.888000e-22
 4.774000e+0	7.877000e-22
 4.779500e+0	7.866000e-22
 4.785000e+0	7.855000e-22
 4.790500e+0	7.844000e-22
 4.796000e+0	7.834000e-22
 4.801500e+0	7.823000e-22
 4.807000e+0	7.812000e-22
 4.812500e+0	7.801000e-22
 4.818000e+0	7.791000e-22
 4.823500e+0	7.780000e-22
 4.829000e+0	7.769000e-22
 4.834500e+0	7.758000e-22
 4.840000e+0	7.747000e-22
 4.845500e+0	7.737000e-22
 4.851000e+0	7.726000e-22
 4.856500e+0	7.715000e-22
 4.862000e+0	7.704000e-22
 4.867500e+0	7.693000e-22
 4.873000e+0	7.683000e-22
 4.878500e+0	7.672000e-22
 4.884000e+0	7.661000e-22
 4.889500e+0	7.650000e-22
 4.895000e+0	7.640000e-22
 4.900500e+0	7.629000e-22
 4.906000e+0	7.618000e-22
 4.911500e+0	7.607000e-22
 4.917000e+0	7.596000e-22
 4.922500e+0	7.586000e-22
 4.928000e+0	7.575000e-22
 4.933500e+0	7.564000e-22
 4.939000e+0	7.553000e-22
 4.944500e+0	7.543000e-22
 4.950000e+0	7.532000e-22
 4.955500e+0	7.521000e-22
 4.961000e+0	7.510000e-22
 4.966500e+0	7.499000e-22
 4.972000e+0	7.489000e-22
 4.977500e+0	7.478000e-22
 4.983000e+0	7.467000e-22
 4.988500e+0	7.456000e-22
 4.994000e+0	7.446000e-22
 4.999500e+0	7.435000e-22
 5.005000e+0	7.424000e-22
 5.010500e+0	7.413000e-22
 5.016000e+0	7.402000e-22
 5.021500e+0	7.392000e-22
 5.027000e+0	7.381000e-22
 5.032500e+0	7.370000e-22
 5.038000e+0	7.359000e-22
 5.043500e+0	7.349000e-22
 5.049000e+0	7.338000e-22
 5.054500e+0	7.327000e-22
 5.060000e+0	7.316000e-22
 5.065500e+0	7.305000e-22
 5.071000e+0	7.295000e-22
 5.076500e+0	7.284000e-22
 5.082000e+0	7.273000e-22
 5.087500e+0	7.262000e-22
 5.093000e+0	7.252000e-22
 5.098500e+0	7.241000e-22
 5.104000e+0	7.230000e-22
 5.109500e+0	7.219000e-22
 5.115000e+0	7.208000e-22
 5.120500e+0	7.198000e-22
 5.126000e+0	7.187000e-22
 5.131500e+0	7.176000e-22
 5.137000e+0	7.165000e-22
 5.142500e+0	7.154000e-22
 5.148000e+0	7.144000e-22
 5.153500e+0	7.133000e-22
 5.159000e+0	7.122000e-22
 5.164500e+0	7.111000e-22
 5.170000e+0	7.101000e-22
 5.175500e+0	7.090000e-22
 5.181000e+0	7.079000e-22
 5.186500e+0	7.068000e-22
 5.192000e+0	7.057000e-22
 5.197500e+0	7.047000e-22
 5.203000e+0	7.036000e-22
 5.208500e+0	7.025000e-22
 5.214000e+0	7.014000e-22
 5.219500e+0	7.004000e-22
 5.225000e+0	6.993000e-22
 5.230500e+0	6.982000e-22
 5.236000e+0	6.971000e-22
 5.241500e+0	6.960000e-22
 5.247000e+0	6.950000e-22
 5.252500e+0	6.939000e-22
 5.258000e+0	6.928000e-22
 5.263500e+0	6.917000e-22
 5.269000e+0	6.907000e-22
 5.274500e+0	6.896000e-22
 5.280000e+0	6.885000e-22
 5.285500e+0	6.874000e-22
 5.291000e+0	6.863000e-22
 5.296500e+0	6.853000e-22
 5.302000e+0	6.842000e-22
 5.307500e+0	6.831000e-22
 5.313000e+0	6.820000e-22
 5.318500e+0	6.810000e-22
 5.324000e+0	6.799000e-22
 5.329500e+0	6.788000e-22
 5.335000e+0	6.777000e-22
 5.340500e+0	6.766000e-22
 5.346000e+0	6.756000e-22
 5.351500e+0	6.745000e-22
 5.357000e+0	6.734000e-22
 5.362500e+0	6.723000e-22
 5.368000e+0	6.713000e-22
 5.373500e+0	6.702000e-22
 5.379000e+0	6.691000e-22
 5.384500e+0	6.680000e-22
 5.390000e+0	6.669000e-22
 5.395500e+0	6.659000e-22
 5.401000e+0	6.648000e-22
 5.406500e+0	6.637000e-22
 5.412000e+0	6.626000e-22
 5.417500e+0	6.615000e-22
 5.423000e+0	6.605000e-22
 5.428500e+0	6.594000e-22
 5.434000e+0	6.583000e-22
 5.439500e+0	6.572000e-22
 5.445000e+0	6.562000e-22
 5.450500e+0	6.551000e-22
 5.456000e+0	6.540000e-22
 5.461500e+0	6.529000e-22
 5.467000e+0	6.518000e-22
 5.472500e+0	6.508000e-22
 5.478000e+0	6.497000e-22
 5.483500e+0	6.486000e-22
 5.489000e+0	6.475000e-22
 5.494500e+0	6.465000e-22
 5.500000e+0	6.454000e-22